
performed merges in this branch

        FullSync @ 7222 (created)
        FullSync @ 7276 (all merged to trunk)
        FullSync @ 7281 sync with trunk using:
                svn diff --old=svn+ssh://westram@menuett.mikro.biologie.tu-muenchen.de/menuett1/repository/ARB/branches/dev --new=svn+ssh://westram@menuett.mikro.biologie.tu-muenchen.de/menuett1/repository/ARB/trunk | patch -p0 --force

HEAD->BRANCH

                7223 -> 7224
                7302 7303 7304 7317 7318 7319 -> 7349 
                7331 7332 7333 7334 7335 7336 7337 7338 7339 7340 7341 7342 7343 7344 7345 7346 7347 7348 -> 7350
                7411 -> 7425
                7489 7491 7492 7504 7628 7630 7633 7634 7640 -> 7654
                7629 7631 7632 -> 7656
                7635 7636 7637 7653 -> 7657
                7641 7642 7643 7644 -> 7658

    skipped patches (depends, already there, ...)

        merged from dev: 7352 7407 7408 7409 7410 7412 7413 7414 7415 7423 7424 7428 7431 7508 7619
                         7620 7621 7622 7623 7624 7625 7626 7655 
        merged from stable: 7488 7591

    not merged yet:

        --- current try above

    not reviewed: 7656:HEAD

BRANCH->HEAD

                7227 7228 -> 7246
                7225 7226 7233 7229 7230 7231 7232 7234 7235 7236 7237 7238 7239 7240 7241 -> 7247
                7242 7243 7245 -> 7248
                7244 7250 7251 7252 7253 7254 7255 7257 7258 7259 7260 7261 7271 -> 7272
                7262 7264 -> 7274
                7265 7266 7267 7268 -> 7275
                7263 7269 7270 7273 -> 7276
                7282 7284 7286 7287 -> 7293
                7300 7301 7309 7310 -> 7314, 7315
                7283 7285 7297 7298 7299 7305 7306 7307 7308 7311 7312 7313 -> 7316
                7328 -> 7330
                7353 7354 -> 7407
                7356 7357 7361 7368 7371 -> 7408
                7358 7359 7360 7363 7364 7365 7367 -> 7409
                7362 7406 -> 7410
                7366 7372 7374 -> 7412
                7355 7369 7370 -> 7413
                7373 7375 7376 7377 7378 7379 7380 7381 7382 7383 7384 7385 7386 7387 7388 7389 7390 7391 7392 7393 7394 -> 7414
                7395 7396 7397 7398 7399 7400 7401 7402 7403 7404 7405 -> 7415
                7320 7418 7419 7420 -> 7423
                7321 7322 7323 7324 7325 7326 7327 7329 7417 7421 7422 -> 7424
                7427 -> 7428
                7429 7430 -> 7431
                7506 -> 7508
                7612 -> 7619 (missing 7614) @@@
                7432 7433 -> 7620
                7445 7446 7447 7449 7451 7454 7455 7462 7463 7470 7471 7472 -> 7621
                7434 7435 7436 7437 7438 7439 7440 7441 7442 7443 7444 -> 7622
                7450 7452 7456 7457 7458 7459 7460 7461 7464 7465 7466 7467 7468 7469 7482 -> 7623
                7473 7474 7475 7476 7477 7478 7479 -> 7624
                7480 7481 7483 -> 7625
                7533 7534 7542 7551 -> 7626
                7485 7493 -> 7655
                7494 7495 7496 7497 7498 7499 7500 7501 7502 7503 -> 7659
                7513 7515 -> 7660
                7512 7520 7522 7529 7530 7531 7532 7535 7536 7537 7538 -> 7661
                7518 7519 7521 7523 7525 7526 7528 -> 7662
                7516 -> 7663
                7509 7510 7511 7514 7517 7520 7524 7527 -> 7664
                7546 7547 7583 7600 -> 7665
                7539 7541 7543 7544 7548 7549 7550 7552 7553 7554 7555 7556 7557 7558 7559 7561 7562 7563 7564 7565 7566 7567 7568 7569 7570 7571 7572 7574 7575 -> 7666
                7576 7577 7584 7586 7617 -> 7667
                7578 7579 7580 7581 7582 7585 7587 7588 7589 7592 7593 7594 7595 7596 7597 7598 7599 7601 7602 7603 7604 7605 7606 7607 7608 7609 7610 7611 7613 7615 7616 7618 -> 7668
                7638 7639 7646 7645 7647 7648 7649 7650 7651 7652 -> 7669

    skipped patches (depends, already there, this file, ...)

                this file:      7249 7277 7351 7416 7627
                depends:        7256 7540 7573
                not needed:     7507 7560
                crap:           7278 7280 7545 
                sync 2 trunk:   7281
                from trunk:     7505 7654 7656 7657 7658

    not merged yet:


                7288 GB_command_interpreter unittests
                7289 GB_command_interpreter refactor
                7290 GB_command_interpreter fix escaping
                7291 GB_command_interpreter leaks
                7294 added ACI tests
                7295 GBL_reference
                7296 ACI refactoring

        --- do above later (unfinished etc)


        --- current try above


    not reviewed: 7659:HEAD
