
performed merges in this branch

        FullSync @ 8134 (created)


TRUNK->BRANCH

                8220 -> 8223
                8205 8212 8216 8217 8225 8233 8234 8240 8241 8242 8243 8244 8245 8246 8247 8248 8249 8250 8251 8252 8253 8254 8255 8256 8257 8258 8259 8260 8261 8262 8263 8264 8265 8266 8267 8268 8269 8270 8271 8272 8273 -> 8274
                8278 8279 8280 8283 8284 8285 -> 8287
                8291 8292 8297 8300 8302 8308 8309 -> 8381
                8310 8311 8312 8313 -> 8382
                8314 8315 8316 8317 8318 8319 8320 8321 8322 8323 8324 8325 8326 8327 8328 8351 8352 8355 8356 8357 8358 8359 -> 8383
                8360 8361 8363 8364 8365 8366 8367 -> 8384
                8393 -> 8394

    skipped patches (depends, already there, ...)

    not merged yet:

        --- current try above

    not reviewed: 8395:HEAD

BRANCH->TRUNK

                8135 8136 8137 8138 8139 8140 8141 8142 8143 8144 8222 -> 8607
                8151 8153 -> 8608
                8145 8146 8147 8148 8149 8150 8152 8154 8155 -> 8609
                8156 8157 8158 8159 -> 8610
                8160 8161 8162 8163 8164 8165 8166 8167 -> 8611
                8172 8176 -> 8612
                8168 8169 8170 8171 8178 8180 8181 8182 8183 8184 8185 8187 8188 8189 -> 8614
                8190 8196 8198 8197 8199 8221 8226 -> 8616
                8191 8192 8193 8194 8195 8200 8201 8202 -> 8617
                8227 8228 8230 8231 8232 8236 8237 8238 8329 -> 8618
                8239 8275 8276 8277 8286 8288 8289 8290 8293 8295 8296 8298 8299 -> 8619
                8303 8304 8305 8306 8307 8330 8331 8332 8333 8334 8335 8336 8337 8338 8339 -> 8620
                8340 8341 8342 8343 8344 8345 8346 8347 8348 8349 8350 8353 8354 8362 8370 8371 8372 8373 8374 8375 -> 8621
                8376 8377 8378 8379 8380 8386 8387 8388 8389 -> 8623
                8390 8391 8392 8395 8397 8398 8399 8400 8401 -> 8624
                8402 8403 8404 8405 8406 8407 8408 -> 8625
                8409 8410 8411 8412 8413 -> 8626
                8414 8415 8416 8424 -> 8627
                8418 8422 -> 8628
                8428 8429 8605 -> 8629
                8430 8431 8432 8433 8434 8435 8436 8437 8438 8440 8441 8442 -> 8630
                8443 8444 8445 8604 -> 8631

    skipped patches (depends, already there, this file, ...)

                this file: 8385
                from trunk: 8223 8274 8287 8381 8382 8383 8384 8394 8421
                reverted: 8173<>8177
                already merged: 8417

    not merged yet:


        --- current try above


    not reviewed: 8631:HEAD

